lastAccountName: GoingHarp803263
timestamps:
  login: 1629339369385
  logout: 1629339787037
ipAddress: 192.168.1.33
logoutlocation:
  world: skyblocj
  x: 40.284584
  y: 84.5
  z: 35.67808
  yaw: -81.956276
  pitch: 18.879898
