lastAccountName: test1
timestamps:
  login: 1626522319474
  logout: 1626522332632
ipAddress: 127.0.0.1
logoutlocation:
  world: etclobby
  x: 1.587182263123454
  y: 79.0
  z: 2.3254929824568307
  yaw: -0.750113
  pitch: 17.249666
