lastAccountName: test12
timestamps:
  login: 1626523927989
  logout: 1626523935180
ipAddress: 127.0.0.1
logoutlocation:
  world: etclobby
  x: 1.482519343436796
  y: 79.0
  z: 0.5307334999319901
  yaw: -0.7499976
  pitch: 2.7000961
