lastAccountName: Shaurya11261
timestamps:
  login: 1629219018039
  logout: 1629219214491
ipAddress: 10.8.32.126
logoutlocation:
  world: skyblocj
  x: 12.674432
  y: 79.5
  z: 24.107744
  yaw: 164.38052
  pitch: 15.492676
lastlocation:
  world: etclobby
  x: 31.640316
  y: 70.2
  z: 17.441082
  yaw: 47.293488
  pitch: -18.033813
