lastAccountName: test125465
timestamps:
  login: 1629185980835
  logout: 1629186020442
ipAddress: 127.0.0.1
logoutlocation:
  world: world
  x: -349.90731224577235
  y: 70.0
  z: 273.786041097286
  yaw: 145.30386
  pitch: 24.749872
