lastAccountName: RubricSundew721
timestamps:
  login: 1629446237731
  logout: 1629446304952
ipAddress: 192.168.1.33
logoutlocation:
  world: skyblocj
  x: 43.40219
  y: 86.0
  z: 18.625156
  yaw: -10.890991
  pitch: 8.0842285
lastlocation:
  world: survival
  x: -15.055399
  y: 71.0
  z: -0.72490436
  yaw: -44.890503
  pitch: -10.703003
afk: false
