lastAccountName: test125465ss
timestamps:
  login: 1629203090495
  logout: 1629203246412
ipAddress: 127.0.0.1
logoutlocation:
  world: skyblocj
  x: 25.198341421628864
  y: 79.0625
  z: 66.8839106807776
  yaw: -3.533568
  pitch: 1.7999408
