lastAccountName: test12546522
timestamps:
  login: 1629450275390
  logout: 1629450336719
ipAddress: 127.0.0.1
logoutlocation:
  world: skyblocj
  x: 48.92962521041705
  y: 86.0
  z: 24.28047746054603
  yaw: 123.82239
  pitch: 14.700119
