lastAccountName: test1234
timestamps:
  login: 1629170829766
  logout: 1629171156679
ipAddress: 127.0.0.1
logoutlocation:
  world: skyblocj
  x: 40.83911078122753
  y: 86.0
  z: 22.631744583215646
  yaw: 34.266876
  pitch: 29.999844
