lastAccountName: Epade200
timestamps:
  login: 1626535063661
  logout: 1626535352865
ipAddress: 127.0.0.1
logoutlocation:
  world: etclobby
  x: -6.3728645935993855
  y: 78.5
  z: 3.1262872875790455
  yaw: 175.94937
  pitch: 22.950064
